11
760
274
517
309
526
405
969
245
931
104
486
602
574
434
516
492
999
419
712
814
539
215
618
426
766
879
271
818
580
59
374
239
799
951
561
845
698
610
592
283
519
79
855
405
106
815
748
646
108
886
163
123
235
239
822
503
671
227
7
801
93
195
885
413
742
222
924
744
145
956
477
582
20
635
648
668
587
319
412
122
480
912
25
498
191
281
469
654
528
137
170
252
470
592
841
790
189
297
410
244
685
71
597
800
311
230
840
757
191
531
809
500
767
351
128
939
565
936
890
131
463
698
528
741
600
26
870
378
637
615
893
310
936
757
129
412
911
615
995
977
682
25
11
112
471
276
384
109
374
586
674
655
124
704
421
846
558
936
860
34
14
738
722
73
56
317
165
246
137
987
592
693
229
753
397
256
400
608
194
548
990
637
373
56
933
386
471
945
794
426
723
904
997
293
647
538
519
302
993
363
245
55
500
390
614
500
107
815
693
865
339
830
789
527
559
190
871
45
874
822
138
932
30
437
847
467
975
600
930
923
736
749
824
143
993
786
568
694
650
387
682
816
981
828
500
661
583
426
917
685
980
799
406
452
812
707
573
325
6
216
286
688
832
377
771
745
670
85
303
42
113
324
884
542
913
94
481
684
702
825
268
605
566
20
514
129
617
387
168
393
853
294
703
78
893
635
311
992
77
344
382
808
735
91
91
400
961
104
982
114
764
55
253
57
179
784
703
643
920
64
613
907
565
569
472
291
789
293
185
241
816
337
912
676
301
211
690
76
760
310
705
922
445
1000
995
873
52
101
1
245
713
649
534
641
567
583
688
422
844
237
977
456
277
256
825
156
196
362
251
715
118
482
316
630
726
829
580
119
50
736
397
695
405
831
311
446
158
800
219
513
642
467
66
79
958
175
423
164
811
780
317
287
41
251
522
886
541
82
123
618
526
454
752
592
78
386
349
748
145
227
806
711
234
620
812
570
987
715
793
127
326
80
259
760
460
541
542
464
492
32
87
627
976
296
300
461
403
870
677
196
294
956
795
763
708
208
587
674
103
912
790
870
954
30
400
246
910
829
922
566
197
32
733
469
256
97
894
671
628
347
256
307
2
298
676
802
463
78
327
793
551
878
508
796
519
199
330
167
804
771
23
938
74
920
558
777
376
550
409
456
851
797
100
508
172
290
332
652
166
721
886
267
313
736
126
36
6
121
203
139
943
643
492
160
731
836
832
156
342
268
215
90
892
189
111
270
202
897
773
895
869
474
417
307
408
749
588
525
816
790
162
680
864
766
509
447
415
148
368
894
600
930
598
407
615
669
499
244
810
901
978
792
785
592
30
636
256
38
420
5
288
764
374
460
915
461
5
808
402
633
968
50
59
216
189
599
130
927
232
183
901
31
667
878
457
717
571
28
205
157
282
383
531
25
1000
278
550
535
913
19
199
156
229
524
487
960
407
988
559
320
664
285
839
42
862
194
848
389
464
524
764
242
331
655
134
295
337
462
306
912
560
420
719
975
944
189
347
799
973
559
981
440
764
921
1000
486
422
687
864
522
501
703
619
40
164
378
305
445
781
808
73
621
54
264
340
309
24
212
1000
301
901
147
454
164
787
182
691
622
187
806
81
85
854
544
255
988
627
197
558
559
979
423
211
246
395
123
143
202
539
333
427
849
912
844
882
2
881
651
125
886
134
869
490
257
703
995
360
543
580
807
629
846
883
706
108
46
61
385
208
587
655
959
545
511
18
873
867
806
59
149
359
170
547
737
613
130
95
282
589
545
368
103
58
204
577
983
710
780
181
865
314
914
760
57
156
620
179
513
671
651
179
480
963
924
568
989
424
832
805
875
921
907
815
832
147
894
904
611
836
613
559
823
13
779
41
268
405
84
317
315
911
589
430
770
972
515
769
277
508
178
334
340
153
195
578
50
392
557
569
903
962
108
738
557
921
539
896
263
82
244
870
106
163
832
222
97
70
421
498
120
965
15
409
50
737
685
848
770
741
590
586
50
156
235
710
383
136
78
237
193
162
565
173
443
771
108
996
327
909
682
871
657
291
672
708
69
86
625
475
520
939
791
240
208
950
261
185
962
966
758
485
698
67
781
933
805
727
551
213
650
247
242
722
446
10
735
296
790
407
594
500
384
677
22
770
482
654
948
839
851
806
492
326
33
238
90
259
889
914
727
679
234
817
725
365
14
641
854
866
299
745
902
179
184
305
874
281
152
277
902
88
933
16
158
289
129
199
192
608
127
602
215
844
627
67
308
143
644
104